%  FabNS Header Version:	0.1
%  Export Date:	Tue Oct 29 2024
%  Shape:	1600 
%  Shape Units:	Wavelength [nm] 
%  Data Unit:	units
539.067 1615
539.143 1603
539.22 1627
539.297 1596
539.373 1605
539.45 1616
539.527 1618
539.603 1627
539.68 1612
539.757 1606
539.833 1615
539.91 1604
539.987 1602
540.063 1622
540.14 1617
540.217 1622
540.293 1603
540.37 1609
540.446 1619
540.523 1613
540.6 1650
540.676 1638
540.753 1634
540.83 1621
540.906 1605
540.983 1627
541.06 1626
541.136 1633
541.213 1617
541.289 1629
541.366 1613
541.443 1624
541.519 1627
541.596 1607
541.673 1596
541.749 1631
541.826 1634
541.902 1639
541.979 1624
542.056 1623
542.132 1640
542.209 1639
542.285 1634
542.362 1636
542.439 1627
542.515 1645
542.592 1631
542.668 1624
542.745 1635
542.822 1647
542.898 1635
542.975 1642
543.052 1622
543.128 1648
543.205 1651
543.281 1642
543.358 1655
543.435 1635
543.511 1624
543.588 1663
543.664 1625
543.741 1631
543.818 1637
543.894 1622
543.971 1619
544.047 1630
544.124 1643
544.2 1629
544.277 1629
544.354 1647
544.43 1629
544.507 1645
544.583 1634
544.66 1617
544.736 1628
544.813 1631
544.89 1651
544.966 1640
545.043 1626
545.119 1632
545.196 1616
545.272 1642
545.349 1654
545.426 1642
545.502 1633
545.579 1623
545.655 1637
545.732 1634
545.808 1648
545.885 1632
545.961 1637
546.038 1633
546.115 1631
546.191 1627
546.268 1656
546.344 1641
546.421 1644
546.497 1644
546.574 1646
546.65 1647
546.727 1652
546.804 1669
546.88 1650
546.957 1672
547.033 1672
547.11 1671
547.186 1674
547.263 1664
547.339 1660
547.416 1652
547.492 1624
547.569 1639
547.646 1635
547.722 1632
547.799 1629
547.875 1616
547.952 1630
548.028 1639
548.105 1621
548.181 1615
548.258 1640
548.334 1618
548.411 1602
548.487 1627
548.564 1601
548.64 1628
548.717 1610
548.793 1628
548.87 1624
548.946 1621
549.023 1626
549.099 1631
549.176 1632
549.252 1633
549.329 1625
549.405 1629
549.482 1632
549.558 1632
549.635 1643
549.711 1627
549.788 1627
549.864 1633
549.941 1635
550.017 1621
550.094 1625
550.17 1630
550.247 1629
550.323 1624
550.4 1615
550.476 1635
550.553 1648
550.629 1624
550.706 1609
550.782 1633
550.859 1638
550.935 1613
551.012 1619
551.088 1642
551.165 1621
551.241 1624
551.318 1606
551.394 1632
551.471 1626
551.547 1621
551.624 1604
551.7 1625
551.777 1621
551.853 1621
551.93 1602
552.006 1616
552.082 1618
552.159 1620
552.235 1624
552.312 1620
552.388 1617
552.465 1599
552.541 1627
552.618 1638
552.694 1620
552.771 1618
552.847 1627
552.923 1628
553 1635
553.076 1622
553.153 1616
553.229 1617
553.306 1617
553.382 1616
553.459 1621
553.535 1641
553.611 1609
553.688 1632
553.764 1595
553.841 1618
553.917 1613
553.994 1629
554.07 1621
554.147 1626
554.223 1603
554.299 1621
554.376 1642
554.452 1607
554.529 1598
554.605 1640
554.682 1616
554.758 1605
554.834 1617
554.911 1626
554.987 1628
555.064 1612
555.14 1626
555.216 1608
555.293 1618
555.369 1632
555.446 1610
555.522 1627
555.599 1622
555.675 1622
555.751 1611
555.828 1615
555.904 1613
555.981 1621
556.057 1613
556.133 1616
556.21 1614
556.286 1632
556.363 1626
556.439 1596
556.515 1611
556.592 1611
556.668 1620
556.745 1625
556.821 1616
556.897 1612
556.974 1631
557.05 1606
557.127 1607
557.203 1615
557.279 1618
557.356 1645
557.432 1620
557.508 1622
557.585 1605
557.661 1618
557.738 1610
557.814 1611
557.89 1618
557.967 1617
558.043 1631
558.119 1614
558.196 1607
558.272 1607
558.349 1616
558.425 1633
558.501 1615
558.578 1632
558.654 1617
558.73 1619
558.807 1629
558.883 1621
558.959 1632
559.036 1626
559.112 1618
559.188 1610
559.265 1607
559.341 1607
559.418 1605
559.494 1605
559.57 1615
559.647 1600
559.723 1613
559.799 1605
559.876 1599
559.952 1605
560.028 1612
560.105 1619
560.181 1619
560.257 1610
560.334 1626
560.41 1625
560.486 1597
560.563 1613
560.639 1623
560.715 1608
560.792 1617
560.868 1627
560.944 1609
561.021 1623
561.097 1626
561.173 1618
561.25 1628
561.326 1606
561.402 1606
561.479 1634
561.555 1635
561.631 1622
561.708 1622
561.784 1622
561.86 1618
561.936 1620
562.013 1604
562.089 1616
562.165 1630
562.242 1626
562.318 1606
562.394 1624
562.471 1620
562.547 1614
562.623 1634
562.699 1639
562.776 1600
562.852 1617
562.928 1626
563.005 1618
563.081 1628
563.157 1621
563.233 1648
563.31 1611
563.386 1639
563.462 1614
563.539 1634
563.615 1612
563.691 1626
563.768 1606
563.844 1618
563.92 1630
563.996 1630
564.073 1622
564.149 1611
564.225 1618
564.301 1613
564.378 1630
564.454 1629
564.53 1644
564.607 1602
564.683 1613
564.759 1617
564.835 1639
564.912 1609
564.988 1629
565.064 1626
565.14 1629
565.217 1618
565.293 1615
565.369 1633
565.445 1621
565.522 1596
565.598 1620
565.674 1616
565.75 1633
565.827 1643
565.903 1617
565.979 1636
566.055 1615
566.132 1634
566.208 1615
566.284 1627
566.36 1621
566.437 1628
566.513 1619
566.589 1608
566.665 1620
566.741 1616
566.818 1624
566.894 1628
566.97 1605
567.046 1625
567.123 1626
567.199 1627
567.275 1621
567.351 1621
567.427 1619
567.504 1610
567.58 1623
567.656 1642
567.732 1626
567.809 1632
567.885 1639
567.961 1619
568.037 1637
568.113 1631
568.19 1643
568.266 1622
568.342 1645
568.418 1613
568.494 1633
568.571 1631
568.647 1636
568.723 1624
568.799 1630
568.875 1638
568.952 1620
569.028 1636
569.104 1619
569.18 1627
569.256 1635
569.333 1620
569.409 1610
569.485 1635
569.561 1619
569.637 1630
569.713 1640
569.79 1638
569.866 1615
569.942 1620
570.018 1623
570.094 1621
570.17 1635
570.247 1638
570.323 1623
570.399 1641
570.475 1631
570.551 1621
570.628 1641
570.704 1611
570.78 1663
570.856 1631
570.932 1638
571.008 1643
571.084 1629
571.161 1624
571.237 1627
571.313 1622
571.389 1633
571.465 1649
571.541 1612
571.617 1625
571.694 1618
571.77 1636
571.846 1631
571.922 1622
571.998 1618
572.074 1638
572.151 1621
572.227 1627
572.303 1621
572.379 1623
572.455 1652
572.531 1613
572.607 1634
572.683 1634
572.76 1631
572.836 1634
572.912 1618
572.988 1642
573.064 1637
573.14 1624
573.216 1622
573.292 1646
573.369 1623
573.445 1617
573.521 1634
573.597 1650
573.673 1624
573.749 1649
573.825 1626
573.901 1625
573.977 1643
574.054 1630
574.13 1626
574.206 1625
574.282 1615
574.358 1612
574.434 1621
574.51 1634
574.586 1627
574.662 1622
574.738 1640
574.815 1615
574.891 1618
574.967 1642
575.043 1612
575.119 1626
575.195 1637
575.271 1626
575.347 1639
575.423 1619
575.499 1647
575.575 1634
575.651 1624
575.727 1623
575.804 1632
575.88 1634
575.956 1637
576.032 1610
576.108 1624
576.184 1629
576.26 1637
576.336 1640
576.412 1623
576.488 1627
576.564 1617
576.64 1619
576.716 1606
576.792 1616
576.868 1628
576.945 1616
577.021 1621
577.097 1649
577.173 1657
577.249 1636
577.325 1634
577.401 1626
577.477 1627
577.553 1618
577.629 1618
577.705 1643
577.781 1651
577.857 1640
577.933 1640
578.009 1638
578.085 1643
578.161 1644
578.237 1636
578.313 1634
578.389 1637
578.465 1641
578.541 1642
578.617 1630
578.693 1620
578.769 1633
578.845 1613
578.921 1626
578.997 1630
579.074 1616
579.149 1613
579.226 1629
579.302 1635
579.378 1630
579.454 1623
579.53 1634
579.606 1625
579.682 1614
579.758 1609
579.834 1632
579.91 1637
579.986 1631
580.062 1634
580.138 1625
580.214 1636
580.29 1628
580.366 1637
580.442 1634
580.518 1621
580.594 1620
580.67 1645
580.745 1629
580.821 1642
580.897 1635
580.973 1621
581.049 1640
581.125 1618
581.201 1639
581.277 1654
581.353 1646
581.429 1618
581.505 1638
581.581 1622
581.657 1630
581.733 1610
581.809 1623
581.885 1624
581.961 1628
582.037 1648
582.113 1632
582.189 1639
582.265 1634
582.341 1619
582.417 1619
582.493 1634
582.569 1616
582.645 1627
582.721 1622
582.797 1637
582.873 1635
582.948 1636
583.024 1650
583.1 1648
583.176 1649
583.252 1614
583.328 1651
583.404 1644
583.48 1619
583.556 1643
583.632 1634
583.708 1629
583.784 1639
583.86 1636
583.936 1644
584.012 1627
584.088 1627
584.163 1632
584.239 1642
584.315 1624
584.391 1635
584.467 1636
584.543 1645
584.619 1644
584.695 1632
584.771 1644
584.847 1624
584.923 1651
584.999 1644
585.074 1651
585.15 1647
585.226 1634
585.302 1657
585.378 1638
585.454 1630
585.53 1646
585.606 1647
585.682 1641
585.758 1646
585.833 1722
585.909 2410
585.985 4471
586.061 4403
586.137 2996
586.213 2303
586.289 2016
586.365 1820
586.44 1744
586.516 1721
586.592 1717
586.668 1676
586.744 1671
586.82 1655
586.896 1630
586.972 1632
587.047 1637
587.123 1635
587.199 1629
587.275 1634
587.351 1637
587.427 1635
587.503 1641
587.579 1627
587.654 1635
587.73 1633
587.806 1635
587.882 1628
587.958 1637
588.034 1641
588.11 1649
588.185 1641
588.261 1637
588.337 1643
588.413 1651
588.489 1648
588.565 1627
588.64 1654
588.716 1650
588.792 1645
588.868 1713
588.944 1832
589.02 1815
589.095 1736
589.171 1674
589.247 1670
589.323 1645
589.399 1621
589.475 1635
589.55 1624
589.626 1638
589.702 1632
589.778 1628
589.854 1611
589.93 1628
590.005 1617
590.081 1614
590.157 1613
590.233 1613
590.309 1610
590.384 1624
590.46 1635
590.536 1607
590.612 1606
590.688 1619
590.763 1625
590.839 1623
590.915 1631
590.991 1633
591.067 1623
591.142 1620
591.218 1637
591.294 1616
591.37 1638
591.445 1620
591.521 1642
591.597 1628
591.673 1618
591.749 1623
591.824 1642
591.9 1642
591.976 1657
592.052 1649
592.128 1621
592.203 1637
592.279 1635
592.355 1631
592.431 1621
592.506 1650
592.582 1658
592.658 1626
592.734 1632
592.809 1634
592.885 1656
592.961 1630
593.037 1620
593.112 1630
593.188 1641
593.264 1633
593.34 1616
593.415 1656
593.491 1649
593.567 1632
593.643 1646
593.718 1644
593.794 1617
593.87 1646
593.946 1635
594.021 1630
594.097 1638
594.173 1636
594.249 1643
594.324 1654
594.4 1646
594.476 1656
594.551 1649
594.627 1647
594.703 1633
594.779 1659
594.854 1647
594.93 1647
595.006 1652
595.082 1651
595.157 1704
595.233 2020
595.309 1998
595.384 1794
595.46 1722
595.536 1675
595.612 1660
595.687 1647
595.763 1636
595.839 1636
595.914 1624
595.99 1637
596.066 1621
596.141 1640
596.217 1614
596.293 1645
596.369 1634
596.444 1646
596.52 1647
596.596 1643
596.671 1650
596.747 1638
596.823 1653
596.898 1631
596.974 1633
597.05 1651
597.125 1657
597.201 1645
597.277 1645
597.352 1632
597.428 1664
597.504 1637
597.579 1638
597.655 1641
597.731 1641
597.806 1648
597.882 1648
597.958 1650
598.033 1638
598.109 1650
598.185 1645
598.26 1673
598.336 1749
598.411 1727
598.487 1683
598.563 1661
598.638 1643
598.714 1639
598.79 1635
598.865 1648
598.941 1626
599.017 1626
599.092 1653
599.168 1642
599.244 1655
599.319 1651
599.395 1628
599.471 1645
599.546 1640
599.622 1641
599.697 1657
599.773 1669
599.849 1649
599.924 1653
600 1645
600.076 1651
600.151 1625
600.227 1656
600.302 1663
600.378 1669
600.454 1670
600.529 1661
600.605 1642
600.68 1679
600.756 1653
600.832 1660
600.907 1661
600.983 1661
601.058 1663
601.134 1655
601.21 1660
601.285 1659
601.361 1659
601.436 1648
601.512 1650
601.588 1648
601.663 1669
601.739 1651
601.814 1659
601.89 1651
601.965 1650
602.041 1648
602.117 1648
602.192 1663
602.268 1659
602.343 1647
602.419 1648
602.494 1664
602.57 1639
602.646 1657
602.721 1654
602.797 1665
602.872 1639
602.948 1669
603.023 1659
603.099 1637
603.174 1661
603.25 1634
603.326 1651
603.401 1646
603.477 1637
603.552 1654
603.628 1654
603.703 1695
603.779 1747
603.854 1737
603.93 1685
604.005 1674
604.081 1651
604.156 1663
604.232 1656
604.308 1657
604.383 1672
604.459 1641
604.534 1694
604.61 1681
604.685 1667
604.761 1662
604.836 1653
604.912 1646
604.987 1654
605.063 1651
605.138 1650
605.214 1677
605.289 1652
605.365 1665
605.44 1669
605.516 1666
605.591 1670
605.667 1649
605.742 1651
605.818 1655
605.893 1667
605.969 1666
606.044 1659
606.12 1660
606.195 1645
606.271 1669
606.346 1654
606.422 1652
606.497 1671
606.573 1643
606.648 1677
606.724 1667
606.799 1667
606.875 1653
606.95 1650
607.026 1676
607.101 1658
607.177 1652
607.252 1655
607.328 1650
607.403 1658
607.479 1656
607.554 1668
607.63 1652
607.705 1658
607.78 1656
607.856 1664
607.931 1673
608.007 1678
608.082 1694
608.158 1862
608.233 2046
608.309 1911
608.384 1764
608.459 1716
608.535 1701
608.61 1689
608.686 1651
608.761 1680
608.837 1692
608.912 1658
608.988 1665
609.063 1655
609.138 1667
609.214 1685
609.289 1659
609.365 1671
609.44 1666
609.516 1666
609.591 1669
609.666 1681
609.742 1653
609.817 1667
609.893 1668
609.968 1673
610.043 1673
610.119 1685
610.194 1659
610.27 1684
610.345 2021
610.42 2352
610.496 2095
610.571 1850
610.647 1776
610.722 1728
610.797 1684
610.873 1695
610.948 1676
611.024 1675
611.099 1669
611.174 1683
611.25 1676
611.325 1680
611.401 1682
611.476 1682
611.551 1680
611.627 1696
611.702 1693
611.778 1686
611.853 1688
611.928 1716
612.004 1701
612.079 1718
612.154 1726
612.23 1731
612.305 1728
612.38 1735
612.456 1745
612.531 1742
612.607 1755
612.682 1753
612.757 1746
612.833 1740
612.908 1713
612.983 1721
613.059 1719
613.134 1721
613.209 1708
613.285 1718
613.36 1682
613.435 1689
613.511 1709
613.586 1702
613.661 1709
613.737 1678
613.812 1685
613.887 1690
613.963 1680
614.038 1699
614.113 1697
614.189 1685
614.264 1684
614.339 1673
614.415 1690
614.49 1695
614.565 1677
614.641 1666
614.716 1691
614.791 1674
614.867 1689
614.942 1722
615.017 2097
615.092 2825
615.168 2516
615.243 2047
615.318 1866
615.394 1798
615.469 1756
615.544 1709
615.62 1721
615.695 1699
615.77 1716
615.845 1688
615.921 1715
615.996 1659
616.071 1667
616.146 1689
616.222 1690
616.297 1664
616.372 1692
616.448 1687
616.523 1692
616.598 1674
616.673 1688
616.749 1688
616.824 1664
616.899 1667
616.974 1694
617.05 1747
617.125 1902
617.2 1892
617.276 1775
617.351 1725
617.426 1715
617.501 1687
617.577 1692
617.652 1683
617.727 1671
617.802 1671
617.878 1675
617.953 1662
618.028 1692
618.103 1654
618.179 1658
618.254 1673
618.329 1665
618.404 1658
618.479 1677
618.555 1669
618.63 1654
618.705 1680
618.78 1665
618.856 1679
618.931 1660
619.006 1670
619.081 1681
619.156 1661
619.232 1668
619.307 1679
619.382 1693
619.457 1682
619.533 1657
619.608 1683
619.683 1682
619.758 1671
619.833 1673
619.909 1676
619.984 1651
620.059 1668
620.134 1675
620.209 1679
620.284 1668
620.36 1691
620.435 1661
620.51 1661
620.585 1667
620.66 1667
620.736 1652
620.811 1674
620.886 1673
620.961 1663
621.036 1687
621.112 1669
621.187 1675
621.262 1686
621.337 1663
621.412 1684
621.487 1672
621.563 1663
621.638 1670
621.713 1660
621.788 1682
621.863 1684
621.938 1667
622.013 1669
622.089 1664
622.164 1684
622.239 1691
622.314 1660
622.389 1692
622.464 1806
622.539 1822
622.615 1778
622.69 1728
622.765 1692
622.84 1682
622.915 1698
622.99 1705
623.065 1677
623.141 1674
623.216 1662
623.291 1674
623.366 1681
623.441 1678
623.516 1680
623.591 1671
623.666 1668
623.742 1678
623.817 1680
623.892 1693
623.967 1689
624.042 1665
624.117 1682
624.192 1691
624.267 1663
624.342 1665
624.417 1685
624.493 1671
624.568 1681
624.643 1683
624.718 1678
624.793 1691
624.868 1683
624.943 1688
625.018 1651
625.093 1691
625.168 1677
625.243 1671
625.319 1688
625.394 1666
625.469 1673
625.544 1670
625.619 1671
625.694 1670
625.769 1694
625.844 1668
625.919 1655
625.994 1683
626.069 1663
626.144 1702
626.219 1682
626.294 1674
626.369 1667
626.445 1675
626.52 1670
626.595 1654
626.67 1647
626.745 1692
626.82 1667
626.895 1681
626.97 1664
627.045 1685
627.12 1654
627.195 1673
627.27 1697
627.345 1929
627.42 2318
627.495 2136
627.57 1857
627.645 1781
627.72 1744
627.795 1730
627.87 1677
627.945 1670
628.02 1683
628.095 1700
628.17 1689
628.245 1693
628.32 1669
628.395 1677
628.47 1657
628.545 1679
628.62 1666
628.695 1663
628.77 1672
628.845 1679
628.92 1661
628.995 1647
629.07 1667
629.145 1684
629.22 1661
629.295 1664
629.37 1640
629.445 1677
629.52 1684
629.595 1654
629.67 1658
629.745 1656
629.82 1670
629.895 1674
629.97 1680
630.045 1657
630.12 1662
630.195 1665
630.27 1671
630.345 1664
630.42 1650
630.495 1688
630.57 1680
630.645 1663
630.72 1668
630.795 1680
630.87 1688
630.945 1679
631.019 1678
631.094 1670
631.169 1747
631.244 1853
631.319 1757
631.394 1723
631.469 1687
631.544 1705
631.619 1683
631.694 1684
631.769 1685
631.844 1685
631.919 1666
631.994 1670
632.069 1671
632.143 1682
632.218 1690
632.293 1705
632.368 1677
632.443 1684
632.518 1671
632.593 1661
632.668 1681
632.743 1655
632.818 1664
632.893 1675
632.968 1676
633.042 1655
633.117 1668
633.192 1683
633.267 1671
633.342 1663
633.417 1682
633.492 1668
633.567 1667
633.642 1665
633.716 1681
633.791 1679
633.866 1676
633.941 1674
634.016 1678
634.091 1767
634.166 2063
634.241 2081
634.315 1883
634.39 1763
634.465 1735
634.54 1704
634.615 1695
634.69 1690
634.765 1680
634.84 1651
634.914 1666
634.989 1687
635.064 1660
635.139 1664
635.214 1666
635.289 1671
635.364 1675
635.438 1675
635.513 1677
635.588 1679
635.663 1668
635.738 1678
635.813 1672
635.887 1674
635.962 1676
636.037 1687
636.112 1658
636.187 1668
636.261 1674
636.336 1669
636.411 1671
636.486 1672
636.561 1700
636.636 1683
636.71 1664
636.785 1695
636.86 1666
636.935 1654
637.01 1662
637.084 1677
637.159 1683
637.234 1665
637.309 1663
637.384 1676
637.458 1687
637.533 1652
637.608 1668
637.683 1678
637.758 1675
637.832 1653
637.907 1679
637.982 1688
638.057 1658
638.132 1673
638.206 1673
638.281 1691
638.356 1668
638.431 1667
638.505 1669
638.58 1671
638.655 1682
638.73 1687
638.805 1657
638.879 1693
638.954 1946
639.029 2501
639.104 2283
639.178 1969
639.253 1818
639.328 1772
639.403 1728
639.477 1692
639.552 1690
639.627 1687
639.702 1691
639.776 1686
639.851 1678
639.926 1684
640.001 1675
640.075 1668
640.15 1665
640.225 1656
640.299 1684
640.374 1675
640.449 1676
640.524 1666
640.598 1666
640.673 1677
640.748 1685
640.823 1754
640.897 2586
640.972 3127
641.047 2525
641.121 2074
641.196 1906
641.271 1817
641.345 1752
641.42 1727
641.495 1679
641.57 1684
641.644 1722
641.719 1719
641.794 1693
641.868 1689
641.943 1682
642.018 1669
642.092 1679
642.167 1662
642.242 1664
642.316 1672
642.391 1683
642.466 1661
642.54 1673
642.615 1678
642.69 1685
642.764 1673
642.839 1660
642.914 1674
642.988 1671
643.063 1669
643.138 1648
643.212 1676
643.287 1644
643.362 1680
643.436 1669
643.511 1679
643.586 1665
643.66 1678
643.735 1660
643.81 1679
643.884 1673
643.959 1669
644.034 1685
644.108 1669
644.183 1659
644.257 1683
644.332 1678
644.407 1664
644.481 1661
644.556 1677
644.631 1666
644.705 1660
644.78 1661
644.854 1664
644.929 1662
645.004 1683
645.078 1669
645.153 1673
645.227 1674
645.302 1687
645.377 1660
645.451 1676
645.526 1664
645.6 1677
645.675 1653
645.75 1679
645.824 1674
645.899 1678
645.973 1664
646.048 1663
646.123 1683
646.197 1648
646.272 1666
646.346 1689
646.421 1687
646.496 1673
646.57 1667
646.645 1669
646.719 1672
646.794 1664
646.868 1678
646.943 1666
647.018 1644
647.092 1653
647.167 1670
647.241 1658
647.316 1645
647.39 1675
647.465 1669
647.539 1670
647.614 1665
647.689 1663
647.763 1650
647.838 1649
647.912 1653
647.987 1660
648.061 1651
648.136 1655
648.21 1657
648.285 1657
648.359 1657
648.434 1668
648.508 1655
648.583 1677
648.657 1671
648.732 1670
648.807 1648
648.881 1659
648.956 1653
649.03 1664
649.105 1670
649.179 1637
649.254 1661
649.328 1649
649.403 1678
649.477 1663
649.552 1662
649.626 1658
649.701 1664
649.775 1652
649.85 1683
649.924 1662
649.999 1657
650.073 1672
650.148 1659
650.222 1674
650.297 1647
650.371 1673
650.445 1671
650.52 1657
650.594 1663
650.669 1657
650.743 1646
650.818 1657
650.892 1662
650.967 1659
651.041 1664
651.116 1671
651.19 1692
651.265 2044
651.339 2448
651.414 2176
651.488 1903
651.562 1789
651.637 1765
651.711 1731
651.786 1704
651.86 1689
651.935 1682
652.009 1691
652.083 1690
652.158 1674
652.232 1682
652.307 1665
652.381 1683
652.456 1654
652.53 1658
652.604 1674
652.679 1658
652.753 1669
652.828 1665
652.902 1656
652.977 1670
653.051 1649
653.125 1662
653.2 1648
653.274 1658
653.349 1657
653.423 1675
653.497 1663
653.572 1659
653.646 1663
653.721 1652
653.795 1666
653.869 1729
653.944 1908
654.018 1872
654.093 1770
654.167 1724
654.241 1698
654.316 1705
654.39 1695
654.464 1665
654.539 1663
654.613 1676
654.688 1693
654.762 1675
654.836 1681
654.911 1663
654.985 1679
655.059 1688
655.134 1674
655.208 1667
655.282 1657
655.357 1665
655.431 1674
655.505 1674
655.58 1666
655.654 1662
655.729 1660
655.803 1680
655.877 1666
655.952 1671
656.026 1654
656.1 1641
656.175 1674
656.249 1648
656.323 1653
656.398 1678
656.472 1660
656.546 1665
656.62 1655
656.695 1675
656.769 1648
656.843 1656
656.918 1638
656.992 1648
657.066 1658
657.141 1649
657.215 1642
657.289 1650
657.364 1646
657.438 1642
657.512 1645
657.586 1644
657.661 1664
657.735 1658
657.809 1644
657.884 1643
657.958 1653
658.032 1663
658.107 1652
658.181 1664
658.255 1661
658.329 1655
658.404 1669
658.478 1653
658.552 1658
658.626 1661
658.701 1653
658.775 1653
658.849 1643
658.923 1665
658.998 1663
659.072 1660
659.146 1676
659.221 1679
659.295 1654
659.369 1671
659.443 1664
659.517 1672
659.592 1685
659.666 1632
659.74 1673
659.814 1658
659.889 1649
