539.067 1604
539.143 1600
539.22 1602
539.297 1618
539.373 1602
539.45 1607
539.527 1627
539.603 1611
539.68 1606
539.757 1615
539.833 1614
539.91 1596
539.987 1625
540.063 1623
540.14 1586
540.217 1604
540.293 1589
540.37 1614
540.446 1615
540.523 1614
540.6 1639
540.676 1673
540.753 1634
540.83 1629
540.906 1620
540.983 1612
541.06 1595
541.136 1631
541.213 1610
541.289 1623
541.366 1613
541.443 1624
541.519 1600
541.596 1614
541.673 1585
541.749 1600
541.826 1613
541.902 1641
541.979 1627
542.056 1626
542.132 1630
542.209 1602
542.285 1626
542.362 1651
542.439 1636
542.515 1626
542.592 1647
542.668 1637
542.745 1649
542.822 1621
542.898 1643
542.975 1630
543.052 1626
543.128 1648
543.205 1639
543.281 1629
543.358 1622
543.435 1651
543.511 1630
543.588 1645
543.664 1627
543.741 1636
543.818 1639
543.894 1627
543.971 1629
544.047 1615
544.124 1621
544.2 1610
544.277 1634
544.354 1638
544.43 1620
544.507 1621
544.583 1631
544.66 1637
544.736 1643
544.813 1633
544.89 1617
544.966 1633
545.043 1637
545.119 1636
545.196 1637
545.272 1628
545.349 1638
545.426 1618
545.502 1634
545.579 1630
545.655 1606
545.732 1622
545.808 1619
545.885 1649
545.961 1636
546.038 1616
546.115 1633
546.191 1615
546.268 1621
546.344 1632
546.421 1637
546.497 1637
546.574 1648
546.65 1655
546.727 1649
546.804 1651
546.88 1666
546.957 1650
547.033 1686
547.11 1657
547.186 1675
547.263 1644
547.339 1934
547.416 2720
547.492 1715
547.569 1646
547.646 1620
547.722 1649
547.799 1611
547.875 1633
547.952 1631
548.028 1613
548.105 1621
548.181 1625
548.258 1621
548.334 1606
548.411 1638
548.487 1622
548.564 1604
548.64 1640
548.717 1616
548.793 1591
548.87 1625
548.946 1612
549.023 1618
549.099 1607
549.176 1636
549.252 1628
549.329 1629
549.405 1624
549.482 1621
549.558 1609
549.635 1626
549.711 1624
549.788 1633
549.864 1611
549.941 1617
550.017 1627
550.094 1626
550.17 1631
550.247 1627
550.323 1628
550.4 1614
550.476 1618
550.553 1611
550.629 1621
550.706 1612
550.782 1617
550.859 1629
550.935 1621
551.012 1606
551.088 1621
551.165 1633
551.241 1621
551.318 1618
551.394 1598
551.471 1623
551.547 1614
551.624 1615
551.7 1608
551.777 1623
551.853 1618
551.93 1612
552.006 1627
552.082 1623
552.159 1604
552.235 1619
552.312 1622
552.388 1621
552.465 1617
552.541 1607
552.618 1621
552.694 1618
552.771 1626
552.847 1630
552.923 1635
553 1639
553.076 1628
553.153 1625
553.229 1615
553.306 1623
553.382 1619
553.459 1619
553.535 1622
553.611 1633
553.688 1608
553.764 1609
553.841 1607
553.917 1602
553.994 1616
554.07 1623
554.147 1629
554.223 1614
554.299 1632
554.376 1629
554.452 1629
554.529 1625
554.605 1629
554.682 1620
554.758 1623
554.834 1602
554.911 1622
554.987 1584
555.064 1635
555.14 1627
555.216 1623
555.293 1611
555.369 1628
555.446 1604
555.522 1622
555.599 1604
555.675 1619
555.751 1612
555.828 1611
555.904 1616
555.981 1607
556.057 1634
556.133 1621
556.21 1626
556.286 1615
556.363 1600
556.439 1621
556.515 1605
556.592 1622
556.668 1616
556.745 1595
556.821 1616
556.897 1629
556.974 1597
557.05 1596
557.127 1591
557.203 1624
557.279 1614
557.356 1620
557.432 1621
557.508 1599
557.585 1623
557.661 1607
557.738 1612
557.814 1627
557.89 1612
557.967 1607
558.043 1631
558.119 1608
558.196 1614
558.272 1625
558.349 1604
558.425 1616
558.501 1627
558.578 1615
558.654 1606
558.73 1612
558.807 1632
558.883 1622
558.959 1613
559.036 1609
559.112 1597
559.188 1601
559.265 1603
559.341 1622
559.418 1626
559.494 1625
559.57 1602
559.647 1629
559.723 1593
559.799 1618
559.876 1607
559.952 1600
560.028 1607
560.105 1633
560.181 1601
560.257 1609
560.334 1606
560.41 1606
560.486 1606
560.563 1633
560.639 1612
560.715 1601
560.792 1603
560.868 1616
560.944 1609
561.021 1606
561.097 1634
561.173 1599
561.25 1609
561.326 1611
561.402 1600
561.479 1617
561.555 1607
561.631 1610
561.708 1617
561.784 1611
561.86 1601
561.936 1616
562.013 1627
562.089 1618
562.165 1618
562.242 1607
562.318 1621
562.394 1616
562.471 1627
562.547 1627
562.623 1611
562.699 1614
562.776 1623
562.852 1605
562.928 1620
563.005 1617
563.081 1592
563.157 1632
563.233 1625
563.31 1628
563.386 1611
563.462 1629
563.539 1596
563.615 1611
563.691 1617
563.768 1628
563.844 1619
563.92 1612
563.996 1610
564.073 1610
564.149 1620
564.225 1613
564.301 1624
564.378 1606
564.454 1630
564.53 1628
564.607 1614
564.683 1605
564.759 1608
564.835 1625
564.912 1603
564.988 1600
565.064 1600
565.14 1629
565.217 1613
565.293 1613
565.369 1612
565.445 1597
565.522 1606
565.598 1627
565.674 1603
565.75 1628
565.827 1620
565.903 1628
565.979 1597
566.055 1612
566.132 1628
566.208 1597
566.284 1621
566.36 1634
566.437 1623
566.513 1607
566.589 1607
566.665 1604
566.741 1609
566.818 1599
566.894 1613
566.97 1636
567.046 1612
567.123 1627
567.199 1614
567.275 1619
567.351 1609
567.427 1616
567.504 1620
567.58 1620
567.656 1588
567.732 1617
567.809 1615
567.885 1615
567.961 1612
568.037 1618
568.113 1611
568.19 1613
568.266 1637
568.342 1622
568.418 1643
568.494 1646
568.571 1615
568.647 1618
568.723 1632
568.799 1619
568.875 1623
568.952 1615
569.028 1590
569.104 1624
569.18 1610
569.256 1623
569.333 1622
569.409 1610
569.485 1606
569.561 1611
569.637 1615
569.713 1620
569.79 1618
569.866 1613
569.942 1627
570.018 1604
570.094 1615
570.17 1642
570.247 1622
570.323 1610
570.399 1630
570.475 1625
570.551 1584
570.628 1632
570.704 1622
570.78 1639
570.856 1627
570.932 1612
571.008 1618
571.084 1617
571.161 1627
571.237 1612
571.313 1620
571.389 1612
571.465 1611
571.541 1620
571.617 1626
571.694 1620
571.77 1605
571.846 1611
571.922 1632
571.998 1611
572.074 1624
572.151 1611
572.227 1629
572.303 1627
572.379 1611
572.455 1644
572.531 1616
572.607 1614
572.683 1619
572.76 1632
572.836 1602
572.912 1618
572.988 1630
573.064 1633
573.14 1632
573.216 1624
573.292 1628
573.369 1633
573.445 1628
573.521 1627
573.597 1607
573.673 1621
573.749 1616
573.825 1615
573.901 1603
573.977 1611
574.054 1623
574.13 1618
574.206 1613
574.282 1609
574.358 1609
574.434 1595
574.51 1632
574.586 1626
574.662 1623
574.738 1632
574.815 1631
574.891 1617
574.967 1634
575.043 1630
575.119 1615
575.195 1622
575.271 1621
575.347 1615
575.423 1623
575.499 1612
575.575 1644
575.651 1613
575.727 1629
575.804 1622
575.88 1627
575.956 1630
576.032 1613
576.108 1626
576.184 1636
576.26 1609
576.336 1625
576.412 1615
576.488 1644
576.564 1623
576.64 1617
576.716 1624
576.792 1619
576.868 1627
576.945 1638
577.021 1632
577.097 1630
577.173 1628
577.249 1613
577.325 1633
577.401 1619
577.477 1615
577.553 1624
577.629 1643
577.705 1619
577.781 1630
577.857 1636
577.933 1623
578.009 1633
578.085 1640
578.161 1625
578.237 1624
578.313 1618
578.389 1620
578.465 1641
578.541 1640
578.617 1622
578.693 1620
578.769 1626
578.845 1610
578.921 1607
578.997 1629
579.074 1624
579.149 1616
579.226 1628
579.302 1622
579.378 1603
579.454 1611
579.53 1634
579.606 1639
579.682 1617
579.758 1625
579.834 1636
579.91 1618
579.986 1621
580.062 1641
580.138 1617
580.214 1622
580.29 1614
580.366 1648
580.442 1636
580.518 1609
580.594 1633
580.67 1627
580.745 1626
580.821 1616
580.897 1623
580.973 1626
581.049 1632
581.125 1631
581.201 1619
581.277 1624
581.353 1621
581.429 1627
581.505 1621
581.581 1617
581.657 1616
581.733 1627
581.809 1616
581.885 1636
581.961 1629
582.037 1628
582.113 1643
582.189 1628
582.265 1632
582.341 1608
582.417 1618
582.493 1614
582.569 1640
582.645 1619
582.721 1643
582.797 1631
582.873 1622
582.948 1630
583.024 1627
583.1 1634
583.176 1606
583.252 1617
583.328 1626
583.404 1627
583.48 1635
583.556 1630
583.632 1630
583.708 1620
583.784 1628
583.86 1648
583.936 1630
584.012 1614
584.088 1646
584.163 1628
584.239 1627
584.315 1638
584.391 1629
584.467 1634
584.543 1635
584.619 1630
584.695 1639
584.771 1619
584.847 1623
584.923 1630
584.999 1650
585.074 1632
585.15 1618
585.226 1658
585.302 1633
585.378 1643
585.454 1633
585.53 1638
585.606 1630
585.682 1650
585.758 1648
585.833 1720
585.909 2667
585.985 5042
586.061 4415
586.137 2911
586.213 2282
586.289 1988
586.365 1819
586.44 1741
586.516 1701
586.592 1687
586.668 1705
586.744 1680
586.82 1644
586.896 1649
586.972 1622
587.047 1640
587.123 1620
587.199 1632
587.275 1620
587.351 1633
587.427 1622
587.503 1635
587.579 1635
587.654 1647
587.73 1629
587.806 1632
587.882 1638
587.958 1638
588.034 1637
588.11 1633
588.185 1635
588.261 1652
588.337 1644
588.413 1608
588.489 1639
588.565 1621
588.64 1633
588.716 1633
588.792 1640
588.868 1743
588.944 1890
589.02 1841
589.095 1721
589.171 1667
589.247 1647
589.323 1632
589.399 1632
589.475 1640
589.55 1622
589.626 1626
589.702 1642
589.778 1618
589.854 1620
589.93 1627
590.005 1632
590.081 1630
590.157 1615
590.233 1608
590.309 1612
590.384 1620
590.46 1616
590.536 1611
590.612 1615
590.688 1614
590.763 1615
590.839 1620
590.915 1628
590.991 1644
591.067 1618
591.142 1623
591.218 1630
591.294 1641
591.37 1628
591.445 1632
591.521 1631
591.597 1638
591.673 1629
591.749 1625
591.824 1627
591.9 1620
591.976 1615
592.052 1629
592.128 1634
592.203 1621
592.279 1631
592.355 1616
592.431 1635
592.506 1628
592.582 1645
592.658 1649
592.734 1645
592.809 1607
592.885 1629
592.961 1627
593.037 1622
593.112 1644
593.188 1615
593.264 1628
593.34 1632
593.415 1626
593.491 1624
593.567 1628
593.643 1641
593.718 1646
593.794 1630
593.87 1645
593.946 1628
594.021 1628
594.097 1625
594.173 1644
594.249 1642
594.324 1639
594.4 1644
594.476 1629
594.551 1629
594.627 1640
594.703 1636
594.779 1635
594.854 1655
594.93 1640
595.006 1650
595.082 1642
595.157 1744
595.233 2084
595.309 2031
595.384 1814
595.46 1698
595.536 1686
595.612 1634
595.687 1622
595.763 1634
595.839 1644
595.914 1642
595.99 1636
596.066 1626
596.141 1623
596.217 1623
596.293 1626
596.369 1626
596.444 1626
596.52 1625
596.596 1617
596.671 1651
596.747 1630
596.823 1642
596.898 1620
596.974 1640
597.05 1658
597.125 1622
597.201 1640
597.277 1649
597.352 1633
597.428 1624
597.504 1647
597.579 1621
597.655 1646
597.731 1639
597.806 1642
597.882 1641
597.958 1660
598.033 1648
598.109 1634
598.185 1640
598.26 1705
598.336 1734
598.411 1703
598.487 1670
598.563 1684
598.638 1631
598.714 1646
598.79 1638
598.865 1654
598.941 1652
599.017 1645
599.092 1637
599.168 1619
599.244 1642
599.319 1644
599.395 1640
599.471 1652
599.546 1648
599.622 1667
599.697 1637
599.773 1633
599.849 1644
599.924 1628
600 1666
600.076 1629
600.151 1639
600.227 1646
600.302 1655
600.378 1645
600.454 1645
600.529 1645
600.605 1640
600.68 1664
600.756 1647
600.832 1639
600.907 1646
600.983 1669
601.058 1654
601.134 1652
601.21 1642
601.285 1647
601.361 1650
601.436 1623
601.512 1650
601.588 1632
601.663 1647
601.739 1642
601.814 1643
601.89 1653
601.965 1649
602.041 1637
602.117 1658
602.192 1652
602.268 1656
602.343 1652
602.419 1644
602.494 1648
602.57 1653
602.646 1658
602.721 1651
602.797 1662
602.872 1657
602.948 1638
603.023 1650
603.099 1639
603.174 1631
603.25 1637
603.326 1643
603.401 1653
603.477 1647
603.552 1655
603.628 1643
603.703 1701
603.779 1763
603.854 1753
603.93 1682
604.005 1687
604.081 1661
604.156 1663
604.232 1662
604.308 1665
604.383 1650
604.459 1644
604.534 1667
604.61 1658
604.685 1650
604.761 1630
604.836 1641
604.912 1647
604.987 1664
605.063 1656
605.138 1648
605.214 1666
605.289 1663
605.365 1662
605.44 1663
605.516 1643
605.591 1651
605.667 1666
605.742 1649
605.818 1676
605.893 1645
605.969 1646
606.044 1652
606.12 1654
606.195 1659
606.271 1652
606.346 1668
606.422 1650
606.497 1654
606.573 1666
606.648 1675
606.724 1646
606.799 1659
606.875 1645
606.95 1651
607.026 1652
607.101 1658
607.177 1647
607.252 1663
607.328 1642
607.403 1657
607.479 1667
607.554 1659
607.63 1688
607.705 1665
607.78 1671
607.856 1645
607.931 1665
608.007 1655
608.082 1669
608.158 1909
608.233 2100
608.309 1902
608.384 1769
608.459 1722
608.535 1692
608.61 1680
608.686 1659
608.761 1670
608.837 1691
608.912 1687
608.988 1668
609.063 1652
609.138 1661
609.214 1662
609.289 1665
609.365 1669
609.44 1674
609.516 1661
609.591 1664
609.666 1653
609.742 1657
609.817 1662
609.893 1669
609.968 1648
610.043 1651
610.119 1672
610.194 1651
610.27 1706
610.345 2132
610.42 2393
610.496 2067
610.571 1850
610.647 1765
610.722 1707
610.797 1699
610.873 1693
610.948 1694
611.024 1690
611.099 1677
611.174 1683
611.25 1680
611.325 1674
611.401 1680
611.476 1655
611.551 1679
611.627 1698
611.702 1671
611.778 1673
611.853 1699
611.928 1695
612.004 1693
612.079 1711
612.154 1731
612.23 1723
612.305 1719
612.38 1750
612.456 1728
612.531 1734
612.607 1761
612.682 1724
612.757 1731
612.833 1728
612.908 1706
612.983 1700
613.059 1709
613.134 1689
613.209 1696
613.285 1708
613.36 1661
613.435 1672
613.511 1703
613.586 1684
613.661 1695
613.737 1687
613.812 1667
613.887 1667
613.963 1686
614.038 1686
614.113 1670
614.189 1662
614.264 1680
614.339 1648
614.415 1660
614.49 1678
614.565 1676
614.641 1662
614.716 1665
614.791 1668
614.867 1672
614.942 1742
615.017 2245
615.092 2998
615.168 2494
615.243 2024
615.318 1867
615.394 1794
615.469 1751
615.544 1715
615.62 1715
615.695 1682
615.77 1695
615.845 1683
615.921 1686
615.996 1656
616.071 1675
616.146 1670
616.222 1666
616.297 1678
616.372 1668
616.448 1658
616.523 1664
616.598 1660
616.673 1669
616.749 1662
616.824 1649
616.899 1669
616.974 1685
617.05 1744
617.125 1983
617.2 1914
617.276 1776
617.351 1715
617.426 1701
617.501 1691
617.577 1667
617.652 1677
617.727 1692
617.802 1655
617.878 1685
617.953 1662
618.028 1670
618.103 1652
618.179 1642
618.254 1657
618.329 1667
618.404 1683
618.479 1638
618.555 1654
618.63 1671
618.705 1667
618.78 1654
618.856 1672
618.931 1675
619.006 1667
619.081 1664
619.156 1689
619.232 1660
619.307 1668
619.382 1666
619.457 1667
619.533 1683
619.608 1648
619.683 1672
619.758 1664
619.833 1660
619.909 1677
619.984 1654
620.059 1653
620.134 1670
620.209 1661
620.284 1670
620.36 1685
620.435 1672
620.51 1684
620.585 1687
620.66 1667
620.736 1659
620.811 1678
620.886 1648
620.961 1664
621.036 1680
621.112 1646
621.187 1672
621.262 1670
621.337 1683
621.412 1687
621.487 1672
621.563 1674
621.638 1672
621.713 1672
621.788 1664
621.863 1671
621.938 1681
622.013 1673
622.089 1678
622.164 1660
622.239 1670
622.314 1686
622.389 1694
622.464 1819
622.539 1855
622.615 1732
622.69 1717
622.765 1697
622.84 1697
622.915 1685
622.99 1665
623.065 1663
623.141 1661
623.216 1678
623.291 1662
623.366 1659
623.441 1660
623.516 1660
623.591 1667
623.666 1657
623.742 1661
623.817 1661
623.892 1678
623.967 1675
624.042 1644
624.117 1657
624.192 1686
624.267 1652
624.342 1671
624.417 1674
624.493 1694
624.568 1674
624.643 1660
624.718 1684
624.793 1678
624.868 1668
624.943 1666
625.018 1678
625.093 1669
625.168 1675
625.243 1663
625.319 1679
625.394 1672
625.469 1654
625.544 1673
625.619 1674
625.694 1685
625.769 1667
625.844 1660
625.919 1665
625.994 1668
626.069 1675
626.144 1665
626.219 1666
626.294 1668
626.369 1671
626.445 1671
626.52 1672
626.595 1681
626.67 1654
626.745 1666
626.82 1659
626.895 1673
626.97 1675
627.045 1650
627.12 1651
627.195 1688
627.27 1714
627.345 1989
627.42 2436
627.495 2098
627.57 1846
627.645 1759
627.72 1737
627.795 1704
627.87 1681
627.945 1691
628.02 1666
628.095 1709
628.17 1659
628.245 1677
628.32 1681
628.395 1649
628.47 1689
628.545 1674
628.62 1661
628.695 1667
628.77 1663
628.845 1662
628.92 1661
628.995 1656
629.07 1658
629.145 1666
629.22 1648
629.295 1671
629.37 1662
629.445 1666
629.52 1669
629.595 1680
629.67 1662
629.745 1659
629.82 1653
629.895 1665
629.97 1656
630.045 1671
630.12 1661
630.195 1651
630.27 1673
630.345 1666
630.42 1668
630.495 1651
630.57 1667
630.645 1636
630.72 1670
630.795 1670
630.87 1661
630.945 1673
631.019 1675
631.094 1692
631.169 1738
631.244 1826
631.319 1767
631.394 1705
631.469 1689
631.544 1682
631.619 1659
631.694 1677
631.769 1668
631.844 1675
631.919 1657
631.994 1682
632.069 1680
632.143 1662
632.218 1674
632.293 1678
632.368 1657
632.443 1675
632.518 1672
632.593 1668
632.668 1674
632.743 1687
632.818 1660
632.893 1664
632.968 1669
633.042 1664
633.117 1658
633.192 1650
633.267 1684
633.342 1660
633.417 1667
633.492 1665
633.567 1664
633.642 1648
633.716 1652
633.791 1679
633.866 1664
633.941 1659
634.016 1680
634.091 1779
634.166 2193
634.241 2081
634.315 1868
634.39 1759
634.465 1716
634.54 1726
634.615 1679
634.69 1674
634.765 1669
634.84 1680
634.914 1692
634.989 1663
635.064 1668
635.139 1668
635.214 1666
635.289 1663
635.364 1667
635.438 1689
635.513 1657
635.588 1665
635.663 1679
635.738 1649
635.813 1667
635.887 1671
635.962 1653
636.037 1688
636.112 1656
636.187 1672
636.261 1653
636.336 1667
636.411 1659
636.486 1673
636.561 1678
636.636 1654
636.71 1667
636.785 1673
636.86 1647
636.935 1686
637.01 1677
637.084 1656
637.159 1677
637.234 1664
637.309 1656
637.384 1680
637.458 1668
637.533 1662
637.608 1662
637.683 1661
637.758 1661
637.832 1690
637.907 1673
637.982 1661
638.057 1672
638.132 1663
638.206 1670
638.281 1680
638.356 1672
638.431 1681
638.505 1676
638.58 1657
638.655 1665
638.73 1671
638.805 1666
638.879 1682
638.954 2018
639.029 2617
639.104 2301
639.178 1947
639.253 1813
639.328 1779
639.403 1734
639.477 1697
639.552 1686
639.627 1698
639.702 1703
639.776 1685
639.851 1687
639.926 1693
640.001 1679
640.075 1650
640.15 1680
640.225 1677
640.299 1669
640.374 1670
640.449 1696
640.524 1647
640.598 1653
640.673 1671
640.748 1682
640.823 1780
640.897 2793
640.972 3307
641.047 2489
641.121 2047
641.196 1888
641.271 1794
641.345 1750
641.42 1730
641.495 1702
641.57 1697
641.644 1684
641.719 1682
641.794 1681
641.868 1676
641.943 1659
642.018 1654
642.092 1663
642.167 1665
642.242 1672
642.316 1651
642.391 1655
642.466 1658
642.54 1667
642.615 1677
642.69 1665
642.764 1656
642.839 1659
642.914 1666
642.988 1661
643.063 1670
643.138 1669
643.212 1669
643.287 1670
643.362 1674
643.436 1679
643.511 1668
643.586 1650
643.66 1673
643.735 1655
643.81 1665
643.884 1669
643.959 1669
644.034 1659
644.108 1682
644.183 1674
644.257 1671
644.332 1664
644.407 1665
644.481 1666
644.556 1667
644.631 1672
644.705 1667
644.78 1682
644.854 1663
644.929 1673
645.004 1673
645.078 1676
645.153 1675
645.227 1676
645.302 1668
645.377 1661
645.451 1649
645.526 1668
645.6 1662
645.675 1668
645.75 1674
645.824 1649
645.899 1648
645.973 1660
646.048 1666
646.123 1659
646.197 1682
646.272 1651
646.346 1661
646.421 1654
646.496 1670
646.57 1659
646.645 1658
646.719 1663
646.794 1664
646.868 1671
646.943 1654
647.018 1669
647.092 1655
647.167 1660
647.241 1675
647.316 1642
647.39 1664
647.465 1637
647.539 1654
647.614 1673
647.689 1662
647.763 1652
647.838 1664
647.912 1663
647.987 1676
648.061 1659
648.136 1650
648.21 1662
648.285 1649
648.359 1646
648.434 1658
648.508 1671
648.583 1636
648.657 1635
648.732 1650
648.807 1653
648.881 1666
648.956 1649
649.03 1662
649.105 1669
649.179 1659
649.254 1668
649.328 1650
649.403 1661
649.477 1656
649.552 1671
649.626 1640
649.701 1661
649.775 1671
649.85 1647
649.924 1630
649.999 1658
650.073 1654
650.148 1670
650.222 1667
650.297 1659
650.371 1646
650.445 1663
650.52 1649
650.594 1651
650.669 1653
650.743 1639
650.818 1653
650.892 1676
650.967 1656
651.041 1661
651.116 1661
651.19 1705
651.265 2166
651.339 2567
651.414 2142
651.488 1861
651.562 1778
651.637 1717
651.711 1727
651.786 1702
651.86 1679
651.935 1689
652.009 1685
652.083 1684
652.158 1677
652.232 1651
652.307 1672
652.381 1651
652.456 1657
652.53 1658
652.604 1652
652.679 1667
652.753 1653
652.828 1654
652.902 1642
652.977 1663
653.051 1655
653.125 1654
653.2 1649
653.274 1657
653.349 1657
653.423 1653
653.497 1678
653.572 1677
653.646 1662
653.721 1662
653.795 1675
653.869 1778
653.944 1960
654.018 1836
654.093 1741
654.167 1701
654.241 1702
654.316 1668
654.39 1671
654.464 1668
654.539 1659
654.613 1675
654.688 1681
654.762 1680
654.836 1659
654.911 1669
654.985 1652
655.059 1669
655.134 1653
655.208 1674
655.282 1650
655.357 1652
655.431 1673
655.505 1669
655.58 1657
655.654 1645
655.729 1655
655.803 1663
655.877 1648
655.952 1644
656.026 1661
656.1 1651
656.175 1659
656.249 1663
656.323 1657
656.398 1669
656.472 1653
656.546 1631
656.62 1644
656.695 1663
656.769 1640
656.843 1648
656.918 1668
656.992 1633
657.066 1642
657.141 1654
657.215 1641
657.289 1641
657.364 1644
657.438 1633
657.512 1631
657.586 1637
657.661 1669
657.735 1647
657.809 1628
657.884 1632
657.958 1644
658.032 1671
658.107 1650
658.181 1651
658.255 1657
658.329 1643
658.404 1665
658.478 1644
658.552 1672
658.626 1679
658.701 1650
658.775 1652
658.849 1648
658.923 1657
658.998 1674
659.072 1663
659.146 1644
659.221 1640
659.295 1658
659.369 1661
659.443 1650
659.517 1665
659.592 1660
659.666 1649
659.74 1656
659.814 1655
659.889 1658
