539.067 1724
539.143 1740
539.22 1735
539.297 1732
539.373 1733
539.45 1744
539.527 1738
539.603 1754
539.68 1725
539.757 1734
539.833 1742
539.91 1747
539.987 1728
540.063 1720
540.14 1753
540.217 1729
540.293 1732
540.37 1742
540.446 1728
540.523 1753
540.6 1819
540.676 1815
540.753 1764
540.83 1739
540.906 1734
540.983 1744
541.06 1752
541.136 1742
541.213 1749
541.289 1727
541.366 1741
541.443 1765
541.519 1732
541.596 1727
541.673 1748
541.749 1756
541.826 1761
541.902 1743
541.979 1766
542.056 1754
542.132 1770
542.209 1760
542.285 1796
542.362 1774
542.439 1799
542.515 1767
542.592 1790
542.668 1812
542.745 1776
542.822 1809
542.898 1787
542.975 1789
543.052 1772
543.128 1779
543.205 1783
543.281 1772
543.358 1774
543.435 1786
543.511 1779
543.588 1777
543.664 1783
543.741 1763
543.818 1754
543.894 1759
543.971 1772
544.047 1778
544.124 1757
544.2 1765
544.277 1770
544.354 1784
544.43 1760
544.507 1802
544.583 1769
544.66 1770
544.736 1799
544.813 1778
544.89 1777
544.966 1773
545.043 1768
545.119 1781
545.196 1765
545.272 1772
545.349 1767
545.426 1788
545.502 1786
545.579 1769
545.655 1764
545.732 1783
545.808 1780
545.885 1778
545.961 1781
546.038 1781
546.115 1779
546.191 1769
546.268 1804
546.344 1782
546.421 1779
546.497 1799
546.574 1827
546.65 1835
546.727 1832
546.804 1845
546.88 1828
546.957 1857
547.033 1843
547.11 1833
547.186 1818
547.263 1820
547.339 1814
547.416 1796
547.492 1773
547.569 1766
547.646 1781
547.722 1763
547.799 1782
547.875 1757
547.952 1778
548.028 1767
548.105 1740
548.181 1757
548.258 1771
548.334 1746
548.411 1772
548.487 1768
548.564 1765
548.64 1766
548.717 1747
548.793 1761
548.87 1772
548.946 1753
549.023 1768
549.099 1733
549.176 1771
549.252 1759
549.329 1768
549.405 1765
549.482 1746
549.558 1763
549.635 1755
549.711 1763
549.788 1773
549.864 1759
549.941 1757
550.017 1755
550.094 1773
550.17 1749
550.247 1784
550.323 1754
550.4 1762
550.476 1746
550.553 1751
550.629 1755
550.706 1764
550.782 1760
550.859 1747
550.935 1759
551.012 1749
551.088 1769
551.165 1742
551.241 1754
551.318 1765
551.394 1767
551.471 1758
551.547 1741
551.624 1760
551.7 1746
551.777 1761
551.853 1749
551.93 1753
552.006 1742
552.082 1750
552.159 1743
552.235 1749
552.312 1754
552.388 1747
552.465 1764
552.541 1748
552.618 1767
552.694 1734
552.771 1735
552.847 1762
552.923 1752
553 1757
553.076 1773
553.153 1761
553.229 1757
553.306 1747
553.382 1752
553.459 1751
553.535 1746
553.611 1751
553.688 1741
553.764 1756
553.841 1765
553.917 1756
553.994 1762
554.07 1745
554.147 1761
554.223 1720
554.299 1749
554.376 1757
554.452 1747
554.529 1719
554.605 1768
554.682 1746
554.758 1751
554.834 1770
554.911 1755
554.987 1773
555.064 1755
555.14 1762
555.216 1754
555.293 1742
555.369 1753
555.446 1746
555.522 1742
555.599 1755
555.675 1748
555.751 1738
555.828 1745
555.904 1749
555.981 1735
556.057 1765
556.133 1756
556.21 1752
556.286 1735
556.363 1749
556.439 1764
556.515 1755
556.592 1734
556.668 1754
556.745 1766
556.821 1769
556.897 1742
556.974 1768
557.05 1767
557.127 1730
557.203 1751
557.279 1743
557.356 1773
557.432 1756
557.508 1748
557.585 1751
557.661 1738
557.738 1763
557.814 1762
557.89 1733
557.967 1741
558.043 1763
558.119 1732
558.196 1744
558.272 1768
558.349 1727
558.425 1736
558.501 1753
558.578 1730
558.654 1773
558.73 1762
558.807 1731
558.883 1742
558.959 1769
559.036 1749
559.112 1755
559.188 1762
559.265 1753
559.341 1759
559.418 1751
559.494 1720
559.57 1758
559.647 1726
559.723 1744
559.799 1743
559.876 1737
559.952 1720
560.028 1741
560.105 1753
560.181 1744
560.257 1717
560.334 1742
560.41 1749
560.486 1750
560.563 1747
560.639 1733
560.715 1759
560.792 1744
560.868 1756
560.944 1741
561.021 1743
561.097 1752
561.173 1739
561.25 1752
561.326 1751
561.402 1756
561.479 1755
561.555 1753
561.631 1767
561.708 1740
561.784 1757
561.86 1740
561.936 1775
562.013 1744
562.089 1750
562.165 1762
562.242 1742
562.318 1749
562.394 1749
562.471 1731
562.547 1751
562.623 1742
562.699 1741
562.776 1762
562.852 1750
562.928 1750
563.005 1746
563.081 1755
563.157 1738
563.233 1757
563.31 1744
563.386 1744
563.462 1747
563.539 1753
563.615 1740
563.691 1756
563.768 1768
563.844 1762
563.92 1764
563.996 1757
564.073 1773
564.149 1750
564.225 1740
564.301 1757
564.378 1754
564.454 1750
564.53 1758
564.607 1741
564.683 1745
564.759 1755
564.835 1778
564.912 1764
564.988 1760
565.064 1748
565.14 1737
565.217 1743
565.293 1767
565.369 1772
565.445 1764
565.522 1765
565.598 1770
565.674 1761
565.75 1751
565.827 1769
565.903 1764
565.979 1760
566.055 1760
566.132 1747
566.208 1783
566.284 1764
566.36 1767
566.437 1770
566.513 1777
566.589 1757
566.665 1744
566.741 1746
566.818 1755
566.894 1748
566.97 1773
567.046 1742
567.123 1765
567.199 1759
567.275 1757
567.351 1762
567.427 1766
567.504 1766
567.58 1746
567.656 1751
567.732 1759
567.809 1775
567.885 1761
567.961 1758
568.037 1776
568.113 1760
568.19 1780
568.266 1768
568.342 1768
568.418 1788
568.494 1764
568.571 1759
568.647 1782
568.723 1762
568.799 1769
568.875 1759
568.952 1777
569.028 1762
569.104 1759
569.18 1759
569.256 1756
569.333 1769
569.409 1776
569.485 1777
569.561 1777
569.637 1737
569.713 1766
569.79 1772
569.866 1767
569.942 1737
570.018 1766
570.094 1758
570.17 1759
570.247 1734
570.323 1764
570.399 1763
570.475 1762
570.551 1755
570.628 1769
570.704 1759
570.78 1765
570.856 1774
570.932 1756
571.008 1776
571.084 1776
571.161 1748
571.237 1777
571.313 1762
571.389 1755
571.465 1769
571.541 1753
571.617 1789
571.694 1762
571.77 1771
571.846 1763
571.922 1756
571.998 1786
572.074 1754
572.151 1776
572.227 1764
572.303 1753
572.379 1751
572.455 1774
572.531 1784
572.607 1782
572.683 1775
572.76 1762
572.836 1755
572.912 1769
572.988 1758
573.064 1784
573.14 1791
573.216 1793
573.292 1743
573.369 1778
573.445 1761
573.521 1777
573.597 1769
573.673 1772
573.749 1785
573.825 1807
573.901 1753
573.977 1756
574.054 1786
574.13 1760
574.206 1767
574.282 1757
574.358 1787
574.434 1789
574.51 1775
574.586 1769
574.662 1791
574.738 1777
574.815 1771
574.891 1781
574.967 1767
575.043 1784
575.119 1768
575.195 1765
575.271 1763
575.347 1774
575.423 1765
575.499 1786
575.575 1759
575.651 1780
575.727 1784
575.804 1777
575.88 1782
575.956 1764
576.032 1760
576.108 1755
576.184 1758
576.26 1773
576.336 1742
576.412 1754
576.488 1749
576.564 1751
576.64 1772
576.716 1759
576.792 1768
576.868 1770
576.945 1768
577.021 1773
577.097 1763
577.173 1807
577.249 1761
577.325 1790
577.401 1808
577.477 1771
577.553 1770
577.629 1769
577.705 1783
577.781 1772
577.857 1761
577.933 1756
578.009 1769
578.085 1793
578.161 1776
578.237 1786
578.313 1758
578.389 1783
578.465 1782
578.541 1801
578.617 1791
578.693 1770
578.769 1771
578.845 1768
578.921 1775
578.997 1766
579.074 1759
579.149 1755
579.226 1768
579.302 1773
579.378 1781
579.454 1772
579.53 1757
579.606 1775
579.682 1730
579.758 1781
579.834 1778
579.91 1777
579.986 1758
580.062 1778
580.138 1782
580.214 1791
580.29 1764
580.366 1771
580.442 1783
580.518 1783
580.594 1772
580.67 1755
580.745 1781
580.821 1790
580.897 1768
580.973 1769
581.049 1780
581.125 1796
581.201 1780
581.277 1795
581.353 1777
581.429 1784
581.505 1790
581.581 1777
581.657 1780
581.733 1787
581.809 1762
581.885 1769
581.961 1760
582.037 1774
582.113 1779
582.189 1783
582.265 1776
582.341 1788
582.417 1769
582.493 1762
582.569 1771
582.645 1789
582.721 1783
582.797 1800
582.873 1770
582.948 1792
583.024 1793
583.1 1754
583.176 1789
583.252 1779
583.328 1783
583.404 1792
583.48 1790
583.556 1807
583.632 1776
583.708 1785
583.784 1794
583.86 1791
583.936 1799
584.012 1782
584.088 1786
584.163 1792
584.239 1799
584.315 1773
584.391 1771
584.467 1782
584.543 1784
584.619 1790
584.695 1787
584.771 1805
584.847 1793
584.923 1790
584.999 1783
585.074 1795
585.15 1784
585.226 1805
585.302 1792
585.378 1800
585.454 1804
585.53 1801
585.606 1802
585.682 1814
585.758 1816
585.833 1937
585.909 3473
585.985 8150
586.061 7458
586.137 4334
586.213 2907
586.289 2443
586.365 2130
586.44 2013
586.516 1939
586.592 1943
586.668 1886
586.744 1862
586.82 1799
586.896 1820
586.972 1801
587.047 1770
587.123 1787
587.199 1778
587.275 1768
587.351 1787
587.427 1794
587.503 1778
587.579 1797
587.654 1786
587.73 1806
587.806 1787
587.882 1806
587.958 1788
588.034 1820
588.11 1807
588.185 1769
588.261 1815
588.337 1791
588.413 1806
588.489 1785
588.565 1781
588.64 1811
588.716 1827
588.792 1805
588.868 1947
588.944 2267
589.02 2167
589.095 1952
589.171 1883
589.247 1819
589.323 1794
589.399 1770
589.475 1787
589.55 1791
589.626 1783
589.702 1776
589.778 1785
589.854 1787
589.93 1754
590.005 1787
590.081 1772
590.157 1736
590.233 1762
590.309 1754
590.384 1741
590.46 1742
590.536 1730
590.612 1747
590.688 1745
590.763 1784
590.839 1771
590.915 1780
590.991 1796
591.067 1768
591.142 1783
591.218 1765
591.294 1763
591.37 1754
591.445 1795
591.521 1770
591.597 1778
591.673 1780
591.749 1789
591.824 1797
591.9 1784
591.976 1805
592.052 1781
592.128 1779
592.203 1787
592.279 1783
592.355 1781
592.431 1792
592.506 1784
592.582 1787
592.658 1765
592.734 1784
592.809 1779
592.885 1768
592.961 1799
593.037 1784
593.112 1779
593.188 1790
593.264 1775
593.34 1786
593.415 1801
593.491 1769
593.567 1789
593.643 1801
593.718 1810
593.794 1776
593.87 1779
593.946 1782
594.021 1819
594.097 1788
594.173 1808
594.249 1794
594.324 1791
594.4 1773
594.476 1805
594.551 1800
594.627 1804
594.703 1800
594.779 1812
594.854 1805
594.93 1793
595.006 1795
595.082 1798
595.157 1977
595.233 2591
595.309 2560
595.384 2155
595.46 1936
595.536 1884
595.612 1835
595.687 1816
595.763 1817
595.839 1794
595.914 1808
595.99 1805
596.066 1783
596.141 1813
596.217 1762
596.293 1784
596.369 1807
596.444 1777
596.52 1798
596.596 1809
596.671 1788
596.747 1782
596.823 1774
596.898 1780
596.974 1812
597.05 1787
597.125 1815
597.201 1797
597.277 1782
597.352 1804
597.428 1825
597.504 1800
597.579 1796
597.655 1814
597.731 1781
597.806 1803
597.882 1800
597.958 1792
598.033 1816
598.109 1800
598.185 1806
598.26 1904
598.336 2006
598.411 1934
598.487 1856
598.563 1850
598.638 1826
598.714 1817
598.79 1825
598.865 1786
598.941 1825
599.017 1824
599.092 1806
599.168 1804
599.244 1801
599.319 1809
599.395 1802
599.471 1819
599.546 1788
599.622 1825
599.697 1825
599.773 1813
599.849 1831
599.924 1804
600 1821
600.076 1815
600.151 1819
600.227 1809
600.302 1842
600.378 1808
600.454 1823
600.529 1827
600.605 1822
600.68 1803
600.756 1815
600.832 1828
600.907 1808
600.983 1833
601.058 1838
601.134 1817
601.21 1817
601.285 1816
601.361 1826
601.436 1815
601.512 1808
601.588 1832
601.663 1821
601.739 1819
601.814 1845
601.89 1824
601.965 1798
602.041 1821
602.117 1824
602.192 1816
602.268 1825
602.343 1821
602.419 1826
602.494 1805
602.57 1795
602.646 1821
602.721 1822
602.797 1845
602.872 1797
602.948 1823
603.023 1815
603.099 1831
603.174 1816
603.25 1814
603.326 1824
603.401 1821
603.477 1816
603.552 1824
603.628 1825
603.703 1892
603.779 2065
603.854 1986
603.93 1888
604.005 1848
604.081 1842
604.156 1829
604.232 1848
604.308 1827
604.383 1830
604.459 1817
604.534 1835
604.61 1842
604.685 1840
604.761 1828
604.836 1849
604.912 1834
604.987 1825
605.063 1829
605.138 1847
605.214 1838
605.289 1842
605.365 1836
605.44 1848
605.516 1869
605.591 1821
605.667 1830
605.742 1841
605.818 1852
605.893 1830
605.969 1825
606.044 1840
606.12 1828
606.195 1855
606.271 1844
606.346 1841
606.422 1841
606.497 1848
606.573 1810
606.648 1803
606.724 1838
606.799 1836
606.875 1828
606.95 1832
607.026 1824
607.101 1844
607.177 1842
607.252 1827
607.328 1845
607.403 1832
607.479 1841
607.554 1819
607.63 1839
607.705 1849
607.78 1866
607.856 1832
607.931 1841
608.007 1825
608.082 1872
608.158 2270
608.233 2716
608.309 2337
608.384 2045
608.459 1902
608.535 1919
608.61 1894
608.686 1856
608.761 1852
608.837 1858
608.912 1838
608.988 1855
609.063 1851
609.138 1847
609.214 1844
609.289 1814
609.365 1822
609.44 1835
609.516 1819
609.591 1854
609.666 1853
609.742 1837
609.817 1845
609.893 1858
609.968 1859
610.043 1866
610.119 1845
610.194 1858
610.27 1932
610.345 2684
610.42 3305
610.496 2689
610.571 2158
610.647 2035
610.722 1986
610.797 1917
610.873 1907
610.948 1877
611.024 1877
611.099 1890
611.174 1875
611.25 1868
611.325 1860
611.401 1864
611.476 1868
611.551 1873
611.627 1867
611.702 1894
611.778 1892
611.853 1915
611.928 1905
612.004 1926
612.079 1960
612.154 1971
612.23 1958
612.305 1974
612.38 2005
612.456 1967
612.531 1997
612.607 1965
612.682 2017
612.757 1982
612.833 1960
612.908 1981
612.983 1946
613.059 1943
613.134 1905
613.209 1909
613.285 1892
613.36 1907
613.435 1883
613.511 1870
613.586 1935
613.661 1919
613.737 1889
613.812 1873
613.887 1882
613.963 1875
614.038 1868
614.113 1880
614.189 1874
614.264 1880
614.339 1902
614.415 1892
614.49 1885
614.565 1870
614.641 1863
614.716 1883
614.791 1863
614.867 1913
614.942 1940
615.017 2810
615.092 4396
615.168 3540
615.243 2525
615.318 2218
615.394 2094
615.469 1999
615.544 1944
615.62 1939
615.695 1916
615.77 1908
615.845 1910
615.921 1886
615.996 1890
616.071 1894
616.146 1873
616.222 1875
616.297 1851
616.372 1842
616.448 1873
616.523 1872
616.598 1863
616.673 1881
616.749 1876
616.824 1879
616.899 1869
616.974 1884
617.05 1982
617.125 2437
617.2 2346
617.276 2070
617.351 1954
617.426 1909
617.501 1872
617.577 1851
617.652 1870
617.727 1881
617.802 1844
617.878 1876
617.953 1846
618.028 1836
618.103 1853
618.179 1862
618.254 1852
618.329 1875
618.404 1839
618.479 1859
618.555 1843
618.63 1853
618.705 1867
618.78 1849
618.856 1854
618.931 1840
619.006 1858
619.081 1849
619.156 1889
619.232 1837
619.307 1865
619.382 1869
619.457 1868
619.533 1864
619.608 1856
619.683 1877
619.758 1858
619.833 1844
619.909 1849
619.984 1849
620.059 1861
620.134 1851
620.209 1851
620.284 1874
620.36 1856
620.435 1856
620.51 1878
620.585 1863
620.66 1878
620.736 1854
620.811 1865
620.886 1856
620.961 1876
621.036 1878
621.112 1849
621.187 1871
621.262 1858
621.337 1891
621.412 1880
621.487 1881
621.563 1866
621.638 1874
621.713 1858
621.788 1867
621.863 1878
621.938 1877
622.013 1863
622.089 1881
622.164 1854
622.239 1865
622.314 1866
622.389 1906
622.464 2163
622.539 2251
622.615 2017
622.69 1943
622.765 1919
622.84 1883
622.915 1881
622.99 1896
623.065 1886
623.141 1870
623.216 1861
623.291 1864
623.366 1868
623.441 1888
623.516 1893
623.591 1855
623.666 1864
623.742 1854
623.817 1867
623.892 1870
623.967 1874
624.042 1852
624.117 1865
624.192 1849
624.267 1879
624.342 1852
624.417 1862
624.493 1838
624.568 1846
624.643 1844
624.718 1875
624.793 1857
624.868 1846
624.943 1869
625.018 1880
625.093 1858
625.168 1863
625.243 1855
625.319 1856
625.394 1848
625.469 1870
625.544 1864
625.619 1867
625.694 1886
625.769 1866
625.844 1843
625.919 1888
625.994 1858
626.069 1844
626.144 1868
626.219 1852
626.294 1863
626.369 1864
626.445 1862
626.52 1862
626.595 1880
626.67 1826
626.745 1869
626.82 1854
626.895 1867
626.97 1850
627.045 1864
627.12 1868
627.195 1867
627.27 1887
627.345 2414
627.42 3253
627.495 2745
627.57 2231
627.645 2065
627.72 1990
627.795 1945
627.87 1896
627.945 1874
628.02 1886
628.095 1877
628.17 1900
628.245 1898
628.32 1888
628.395 1855
628.47 1869
628.545 1857
628.62 1875
628.695 1866
628.77 1842
628.845 1880
628.92 1832
628.995 1845
629.07 1830
629.145 1848
629.22 1854
629.295 1827
629.37 1844
629.445 1864
629.52 1844
629.595 1875
629.67 1869
629.745 1853
629.82 1875
629.895 1857
629.97 1885
630.045 1852
630.12 1861
630.195 1855
630.27 1877
630.345 1882
630.42 1840
630.495 1864
630.57 1849
630.645 1848
630.72 1852
630.795 1859
630.87 1850
630.945 1860
631.019 1852
631.094 1883
631.169 2009
631.244 2233
631.319 2081
631.394 1940
631.469 1890
631.544 1907
631.619 1873
631.694 1860
631.769 1870
631.844 1866
631.919 1887
631.994 1869
632.069 1861
632.143 1871
632.218 1886
632.293 1875
632.368 1874
632.443 1836
632.518 1857
632.593 1874
632.668 1850
632.743 1838
632.818 1883
632.893 1855
632.968 1858
633.042 1871
633.117 1837
633.192 1857
633.267 1845
633.342 1852
633.417 1845
633.492 1881
633.567 1864
633.642 1886
633.716 1851
633.791 1858
633.866 1881
633.941 1868
634.016 1862
634.091 2059
634.166 2726
634.241 2753
634.315 2263
634.39 2031
634.465 1963
634.54 1937
634.615 1911
634.69 1891
634.765 1865
634.84 1869
634.914 1858
634.989 1875
635.064 1850
635.139 1860
635.214 1882
635.289 1868
635.364 1852
635.438 1855
635.513 1855
635.588 1872
635.663 1873
635.738 1873
635.813 1858
635.887 1852
635.962 1846
636.037 1868
636.112 1850
636.187 1870
636.261 1869
636.336 1869
636.411 1875
636.486 1860
636.561 1856
636.636 1867
636.71 1890
636.785 1874
636.86 1845
636.935 1850
637.01 1867
637.084 1854
637.159 1856
637.234 1866
637.309 1873
637.384 1839
637.458 1873
637.533 1860
637.608 1852
637.683 1875
637.758 1864
637.832 1877
637.907 1864
637.982 1840
638.057 1850
638.132 1860
638.206 1857
638.281 1854
638.356 1857
638.431 1858
638.505 1879
638.58 1854
638.655 1845
638.73 1865
638.805 1866
638.879 1913
638.954 2431
639.029 3692
639.104 3066
639.178 2408
639.253 2126
639.328 2066
639.403 1970
639.477 1912
639.552 1893
639.627 1909
639.702 1887
639.776 1870
639.851 1875
639.926 1868
640.001 1848
640.075 1877
640.15 1858
640.225 1864
640.299 1839
640.374 1872
640.449 1855
640.524 1869
640.598 1882
640.673 1846
640.748 1864
640.823 2035
640.897 3864
640.972 5083
641.047 3500
641.121 2509
641.196 2252
641.271 2150
641.345 2022
641.42 1957
641.495 1933
641.57 1926
641.644 1894
641.719 1900
641.794 1912
641.868 1890
641.943 1849
642.018 1853
642.092 1854
642.167 1877
642.242 1860
642.316 1861
642.391 1866
642.466 1863
642.54 1872
642.615 1846
642.69 1871
642.764 1869
642.839 1839
642.914 1837
642.988 1841
643.063 1859
643.138 1835
643.212 1890
643.287 1872
643.362 1871
643.436 1848
643.511 1836
643.586 1860
643.66 1834
643.735 1846
643.81 1846
643.884 1851
643.959 1855
644.034 1854
644.108 1852
644.183 1854
644.257 1843
644.332 1852
644.407 1850
644.481 1832
644.556 1863
644.631 1849
644.705 1864
644.78 1840
644.854 1879
644.929 1862
645.004 1831
645.078 1845
645.153 1851
645.227 1855
645.302 1850
645.377 1870
645.451 1854
645.526 1867
645.6 1851
645.675 1861
645.75 1852
645.824 1863
645.899 1863
645.973 1846
646.048 1841
646.123 1866
646.197 1858
646.272 1850
646.346 1845
646.421 1823
646.496 1857
646.57 1843
646.645 1846
646.719 1861
646.794 1837
646.868 1849
646.943 1866
647.018 1829
647.092 1835
647.167 1849
647.241 1830
647.316 1813
647.39 1840
647.465 1840
647.539 1836
647.614 1835
647.689 1840
647.763 1847
647.838 1833
647.912 1848
647.987 1830
648.061 1833
648.136 1837
648.21 1839
648.285 1839
648.359 1843
648.434 1822
648.508 1850
648.583 1826
648.657 1838
648.732 1865
648.807 1850
648.881 1835
648.956 1834
649.03 1817
649.105 1827
649.179 1822
649.254 1824
649.328 1859
649.403 1837
649.477 1822
649.552 1833
649.626 1840
649.701 1847
649.775 1837
649.85 1831
649.924 1805
649.999 1839
650.073 1847
650.148 1842
650.222 1850
650.297 1843
650.371 1830
650.445 1842
650.52 1827
650.594 1821
650.669 1798
650.743 1825
650.818 1817
650.892 1814
650.967 1836
651.041 1841
651.116 1819
651.19 1921
651.265 2651
651.339 3654
651.414 2838
651.488 2250
651.562 2083
651.637 2022
651.711 1968
651.786 1897
651.86 1899
651.935 1894
652.009 1906
652.083 1901
652.158 1864
652.232 1869
652.307 1843
652.381 1803
652.456 1862
652.53 1827
652.604 1861
652.679 1837
652.753 1839
652.828 1837
652.902 1836
652.977 1832
653.051 1829
653.125 1843
653.2 1828
653.274 1829
653.349 1844
653.423 1844
653.497 1851
653.572 1851
653.646 1826
653.721 1846
653.795 1855
653.869 2038
653.944 2448
654.018 2243
654.093 2032
654.167 1936
654.241 1912
654.316 1901
654.39 1858
654.464 1866
654.539 1852
654.613 1876
654.688 1871
654.762 1838
654.836 1844
654.911 1856
654.985 1857
655.059 1850
655.134 1844
655.208 1839
655.282 1843
655.357 1854
655.431 1842
655.505 1829
655.58 1843
655.654 1839
655.729 1833
655.803 1815
655.877 1834
655.952 1844
656.026 1840
656.1 1829
656.175 1853
656.249 1833
656.323 1828
656.398 1841
656.472 1829
656.546 1828
656.62 1829
656.695 1839
656.769 1846
656.843 1834
656.918 1828
656.992 1843
657.066 1826
657.141 1820
657.215 1799
657.289 1802
657.364 1809
657.438 1805
657.512 1806
657.586 1803
657.661 1796
657.735 1816
657.809 1808
657.884 1821
657.958 1808
658.032 1811
658.107 1832
658.181 1838
658.255 1823
658.329 1834
658.404 1850
658.478 1816
658.552 1817
658.626 1851
658.701 1799
658.775 1841
658.849 1850
658.923 1855
658.998 1865
659.072 1851
659.146 1869
659.221 1833
659.295 1850
659.369 1850
659.443 1833
659.517 1825
659.592 1847
659.666 1846
659.74 1852
659.814 1831
659.889 1847
